1101000001000000011111111100
0100000000001000000011110101
0111001010000101000100111111
1110100010010001000001000111
0111111111101000000000001000
0101100001011011111111111101
1110100101001100001000001111
1100100110111000000000010111
0111011000111111000000000110
1010000011000001101001011000
0010001000100110001110110000
1100100000011100101000111001
0000000000111010010010111111
1100000000000000000000011101
0000111100110100000010000000
1000000101111100111010000110
0000111000010100011101011110
0000011100011111100000100010
1000101011011100011100010010
0000010100011110110100001010
0101000011010000001111101111
0000100011000110101110110010
0101101011101101001111111100
1111100001110010101001000111
0101011100001111011000111000
0000010000111011100011111110
1001110000110000100001011111
1110001010001010001100000011